haar
CR BPP snr 
0.11, 0.01, 7.71 
0.12, 0.01, 10.09 
0.12, 0.01, 10.83 
0.15, 0.01, 12.03 
0.21, 0.02, 13.69 
0.42, 0.03, 16.20 
0.87, 0.07, 19.34 
18.41, 1.47, 38.31 
60.72, 4.86, 45.06 
60.72, 4.86, 45.06 
db1
CR BPP snr 
0.11, 0.01, 7.71 
0.11, 0.01, 10.09 
0.12, 0.01, 10.83 
0.14, 0.01, 12.03 
0.21, 0.02, 13.69 
0.41, 0.03, 16.20 
0.87, 0.07, 19.34 
18.41, 1.47, 38.31 
60.72, 4.86, 45.06 
60.72, 4.86, 45.06 
sym2
CR BPP snr 
0.11, 0.01, 7.71 
0.11, 0.01, 10.09 
0.12, 0.01, 10.83 
0.14, 0.01, 11.97 
0.22, 0.02, 14.44 
0.40, 0.03, 17.58 
0.76, 0.06, 20.41 
14.91, 1.19, 39.19 
53.15, 4.25, 45.85 
53.15, 4.25, 45.85 
coif1
CR BPP snr 
0.11, 0.01, 7.71 
0.12, 0.01, 10.09 
0.12, 0.01, 10.83 
0.14, 0.01, 12.14 
0.21, 0.02, 14.61 
0.39, 0.03, 17.58 
0.76, 0.06, 20.56 
14.78, 1.18, 39.42 
52.70, 4.22, 46.38 
52.70, 4.22, 46.38 
bior1.1
CR BPP snr 
0.12, 0.01, 7.71 
0.12, 0.01, 10.09 
0.13, 0.01, 10.83 
0.15, 0.01, 12.03 
0.22, 0.02, 13.69 
0.42, 0.03, 16.20 
0.88, 0.07, 19.34 
18.42, 1.47, 38.31 
60.73, 4.86, 45.06 
60.73, 4.86, 45.06 
rbio1.1
CR BPP snr 
0.12, 0.01, 7.71 
0.12, 0.01, 10.09 
0.13, 0.01, 10.83 
0.15, 0.01, 12.03 
0.22, 0.02, 13.69 
0.42, 0.03, 16.20 
0.88, 0.07, 19.34 
18.42, 1.47, 38.31 
60.73, 4.86, 45.06 
60.73, 4.86, 45.06 